<!DOCTYPE HTML PUBLIC "-//W3C//DTD HTML 4.01 Transitional//EN">
<html>
<head>
<META http-equiv="Content-Type" content="text/html; charset=UTF-8">
<!--
This HTML was auto-generated from MATLAB code.
To make changes, update the MATLAB code and republish this document.
      -->
<title>Pitprops from R package elsticnet "All Sparse PCA Models Are Wrong, But Some Are Useful. Part III: model interpretation"</title>
<meta name="generator" content="MATLAB 24.2">
<link rel="schema.DC" href="http://purl.org/dc/elements/1.1/">
<meta name="DC.date" content="2025-06-24">
<meta name="DC.source" content="pitpropsMEDA.m">
<style type="text/css">
html,body,div,span,applet,object,iframe,h1,h2,h3,h4,h5,h6,p,blockquote,pre,a,abbr,acronym,address,big,cite,code,del,dfn,em,font,img,ins,kbd,q,s,samp,small,strike,strong,tt,var,b,u,i,center,dl,dt,dd,ol,ul,li,fieldset,form,label,legend,table,caption,tbody,tfoot,thead,tr,th,td{margin:0;padding:0;border:0;outline:0;font-size:100%;vertical-align:baseline;background:transparent}body{line-height:1}ol,ul{list-style:none}blockquote,q{quotes:none}blockquote:before,blockquote:after,q:before,q:after{content:'';content:none}:focus{outine:0}ins{text-decoration:none}del{text-decoration:line-through}table{border-collapse:collapse;border-spacing:0}

html { min-height:100%; margin-bottom:1px; }
html body { height:100%; margin:0px; font-family:Arial, Helvetica, sans-serif; font-size:10px; color:#000; line-height:140%; background:#fff none; overflow-y:scroll; }
html body td { vertical-align:top; text-align:left; }

h1 { padding:0px; margin:0px 0px 25px; font-family:Arial, Helvetica, sans-serif; font-size:1.5em; color:#d55000; line-height:100%; font-weight:normal; }
h2 { padding:0px; margin:0px 0px 8px; font-family:Arial, Helvetica, sans-serif; font-size:1.2em; color:#000; font-weight:bold; line-height:140%; border-bottom:1px solid #d6d4d4; display:block; }
h3 { padding:0px; margin:0px 0px 5px; font-family:Arial, Helvetica, sans-serif; font-size:1.1em; color:#000; font-weight:bold; line-height:140%; }

a { color:#005fce; text-decoration:none; }
a:hover { color:#005fce; text-decoration:underline; }
a:visited { color:#004aa0; text-decoration:none; }

p { padding:0px; margin:0px 0px 20px; }
img { padding:0px; margin:0px 0px 20px; border:none; }
p img, pre img, tt img, li img, h1 img, h2 img { margin-bottom:0px; }

ul { padding:0px; margin:0px 0px 20px 23px; list-style:square; }
ul li { padding:0px; margin:0px 0px 7px 0px; }
ul li ul { padding:5px 0px 0px; margin:0px 0px 7px 23px; }
ul li ol li { list-style:decimal; }
ol { padding:0px; margin:0px 0px 20px 0px; list-style:decimal; }
ol li { padding:0px; margin:0px 0px 7px 23px; list-style-type:decimal; }
ol li ol { padding:5px 0px 0px; margin:0px 0px 7px 0px; }
ol li ol li { list-style-type:lower-alpha; }
ol li ul { padding-top:7px; }
ol li ul li { list-style:square; }

.content { font-size:1.2em; line-height:140%; padding: 20px; }

pre, code { font-size:12px; }
tt { font-size: 1.2em; }
pre { margin:0px 0px 20px; }
pre.codeinput { padding:10px; border:1px solid #d3d3d3; background:#f7f7f7; }
pre.codeoutput { padding:10px 11px; margin:0px 0px 20px; color:#4c4c4c; }
pre.error { color:red; }

@media print { pre.codeinput, pre.codeoutput { word-wrap:break-word; width:100%; } }

span.keyword { color:#0000FF }
span.comment { color:#228B22 }
span.string { color:#A020F0 }
span.untermstring { color:#B20000 }
span.syscmd { color:#B28C00 }
span.typesection { color:#A0522D }

.footer { width:auto; padding:10px 0px; margin:25px 0px 0px; border-top:1px dotted #878787; font-size:0.8em; line-height:140%; font-style:italic; color:#878787; text-align:left; float:none; }
.footer p { margin:0px; }
.footer a { color:#878787; }
.footer a:hover { color:#878787; text-decoration:underline; }
.footer a:visited { color:#878787; }

table th { padding:7px 5px; text-align:left; vertical-align:middle; border: 1px solid #d6d4d4; font-weight:bold; }
table td { padding:7px 5px; text-align:left; vertical-align:top; border:1px solid #d6d4d4; }





  </style>
</head>
<body>
<div class="content">
<h1>Pitprops from R package elsticnet "All Sparse PCA Models Are Wrong, But Some Are Useful. Part III: model interpretation"</h1>
<!--introduction-->
<p>Submitted to Chemometrics and Intelligent Laboratory Systems. 2025</p>
<p>Dependencies: MEDA Toolbox v1.8 at <a href="https://github.com/codaslab/MEDA-Toolbox">https://github.com/codaslab/MEDA-Toolbox</a>
</p>
<p>coded by: Jose Camacho Paez (<a href="mailto:josecamacho@ugr.es">josecamacho@ugr.es</a>) last modification: 23/Jun/2025</p>
<p>Copyright (C) 2025 University of Granada, Granada</p>
<p>This program is free software: you can redistribute it and/or modify it under the terms of the GNU General Public License as published by the Free Software Foundation, either version 3 of the License, or (at your option) any later version.</p>
<p>This program is distributed in the hope that it will be useful, but WITHOUT ANY WARRANTY; without even the implied warranty of MERCHANTABILITY or FITNESS FOR A PARTICULAR PURPOSE. See the GNU General Public License for more details.</p>
<p>You should have received a copy of the GNU General Public License along with this program. If not, see <a href="http://www.gnu.org/licenses/">http://www.gnu.org/licenses/</a>.</p>
<!--/introduction-->
<h2>Contents</h2>
<div>
<ul>
<li>
<a href="#1">Pitprops data from R package elsticnet</a>
</li>
<li>
<a href="#2">PEV vs sparsity: SPCA-Z multi-component, truncated search</a>
</li>
<li>
<a href="#3">Visualize multi-model selected with 6 components with two non-zero weights each.</a>
</li>
</ul>
</div>
<h2 id="1">Pitprops data from R package elsticnet</h2>
<pre class="codeinput">var_l = {<span class="string">'topdiam'</span> <span class="string">'length'</span>  <span class="string">'moist'</span> <span class="string">'testsg'</span> <span class="string">'ovensg'</span> <span class="string">'ringtop'</span> <span class="string">'ringbut'</span> <span class="string">'bowmax'</span> <span class="string">'bowdist'</span> <span class="string">'whorls'</span>  <span class="string">'clear'</span>  <span class="string">'knots'</span> <span class="string">'diaknot'</span>};

XX=[ 1.000  0.954  0.364  0.342 -0.129   0.313   0.496  0.424   0.592  0.545  0.084 -0.019   0.134
     0.954  1.000  0.297  0.284 -0.118   0.291   0.503  0.419   0.648  0.569  0.076 -0.036   0.144
     0.364  0.297  1.000  0.882 -0.148   0.153  -0.029 -0.054   0.125 -0.081  0.162  0.220   0.126
     0.342  0.284  0.882  1.000  0.220   0.381   0.174 -0.059   0.137 -0.014  0.097  0.169   0.015
    -0.129 -0.118 -0.148  0.220  1.000   0.364   0.296  0.004  -0.039  0.037 -0.091 -0.145  -0.208
     0.313  0.291  0.153  0.381  0.364   1.000   0.813  0.090   0.211  0.274 -0.036  0.024  -0.329
     0.496  0.503 -0.029  0.174  0.296   0.813   1.000  0.372   0.465  0.679 -0.113 -0.232  -0.424
     0.424  0.419 -0.054 -0.059  0.004   0.090   0.372  1.000   0.482  0.557  0.061 -0.357  -0.202
     0.592  0.648  0.125  0.137 -0.039   0.211   0.465  0.482   1.000  0.526  0.085 -0.127  -0.076
     0.545  0.569 -0.081 -0.014  0.037   0.274   0.679  0.557   0.526  1.000 -0.319 -0.368  -0.291
     0.084  0.076  0.162  0.097 -0.091  -0.036  -0.113  0.061   0.085 -0.319  1.000  0.029   0.007
    -0.019 -0.036  0.220  0.169 -0.145   0.024  -0.232 -0.357  -0.127 -0.368  0.029  1.000   0.184
     0.134  0.144  0.126  0.015 -0.208  -0.329  -0.424 -0.202  -0.076 -0.291  0.007  0.184   1.000];

clc

pcs = 1:6;
</pre>
<h2 id="2">PEV vs sparsity: SPCA-Z multi-component, truncated search</h2>
<pre class="codeinput">[PEVpq, fp] = razorPlot([], XX, max(pcs), <span class="string">'Threshold'</span>, 0.05);
</pre>
<pre class="codeoutput">Model with 1 non-zero elements y PEV = 0.26 (30% of the Reference). Time elapsed 0.008061
Model with 1  1 non-zero elements y PEV = 0.4 (46% of the Reference). Time elapsed 0.015613
Model with 1  1  1 non-zero elements y PEV = 0.51 (59% of the Reference). Time elapsed 0.0175518
Model with 1  1  1  1 non-zero elements y PEV = 0.6 (69% of the Reference). Time elapsed 0.018019
Model with 1  1  1  1  1 non-zero elements y PEV = 0.69 (79% of the Reference). Time elapsed 0.0184377
Model with 1  1  1  1  1  1 non-zero elements y PEV = 0.79 (91% of the Reference). Time elapsed 0.0188688
Model with 2 non-zero elements y PEV = 0.27 (31% of the Reference). Time elapsed 0.102295
Model with 2  1 non-zero elements y PEV = 0.41 (47% of the Reference). Time elapsed 0.103058
Model with 2  1  1 non-zero elements y PEV = 0.52 (60% of the Reference). Time elapsed 0.103607
Model with 2  1  1  1 non-zero elements y PEV = 0.6 (69% of the Reference). Time elapsed 0.104191
Model with 2  1  1  1  1 non-zero elements y PEV = 0.69 (80% of the Reference). Time elapsed 0.104808
Model with 2  1  1  1  1  1 non-zero elements y PEV = 0.8 (91% of the Reference). Time elapsed 0.105466
Model with 2  2 non-zero elements y PEV = 0.41 (47% of the Reference). Time elapsed 0.11354
Model with 2  2  1 non-zero elements y PEV = 0.52 (60% of the Reference). Time elapsed 0.11449
Model with 2  2  1  1 non-zero elements y PEV = 0.61 (70% of the Reference). Time elapsed 0.115495
Model with 2  2  1  1  1 non-zero elements y PEV = 0.7 (80% of the Reference). Time elapsed 0.116393
Model with 2  2  1  1  1  1 non-zero elements y PEV = 0.8 (92% of the Reference). Time elapsed 0.117221
Model with 2  2  2 non-zero elements y PEV = 0.58 (66% of the Reference). Time elapsed 0.118959
Model with 2  2  2  1 non-zero elements y PEV = 0.66 (76% of the Reference). Time elapsed 0.119863
Model with 2  2  2  1  1 non-zero elements y PEV = 0.75 (86% of the Reference). Time elapsed 0.120779
Model with 2  2  2  1  1  1 non-zero elements y PEV = 0.81 (93% of the Reference). Time elapsed 0.121767
Model with 2  2  2  2 non-zero elements y PEV = 0.67 (77% of the Reference). Time elapsed 0.12385
Model with 2  2  2  2  1 non-zero elements y PEV = 0.75 (86% of the Reference). Time elapsed 0.127421
Model with 2  2  2  2  1  1 non-zero elements y PEV = 0.81 (93% of the Reference). Time elapsed 0.13153
Model with 2  2  2  2  2 non-zero elements y PEV = 0.75 (87% of the Reference). Time elapsed 0.136498
Model with 2  2  2  2  2  1 non-zero elements y PEV = 0.82 (94% of the Reference). Time elapsed 0.139296
Model with 2  2  2  2  2  2 non-zero elements y PEV = 0.82 (94% of the Reference). Time elapsed 0.142618
Model with 3 non-zero elements y PEV = 0.27 (31% of the Reference). Time elapsed 0.192944
Model with 3  1 non-zero elements y PEV = 0.41 (47% of the Reference). Time elapsed 0.193822
Model with 3  1  1 non-zero elements y PEV = 0.52 (60% of the Reference). Time elapsed 0.194823
Model with 3  1  1  1 non-zero elements y PEV = 0.61 (70% of the Reference). Time elapsed 0.19584
Model with 3  1  1  1  1 non-zero elements y PEV = 0.7 (80% of the Reference). Time elapsed 0.197046
Model with 3  1  1  1  1  1 non-zero elements y PEV = 0.8 (92% of the Reference). Time elapsed 0.198645
Model with 3  2 non-zero elements y PEV = 0.41 (47% of the Reference). Time elapsed 0.20586
Model with 3  2  1 non-zero elements y PEV = 0.53 (60% of the Reference). Time elapsed 0.20733
Model with 3  2  1  1 non-zero elements y PEV = 0.61 (70% of the Reference). Time elapsed 0.208299
Model with 3  2  1  1  1 non-zero elements y PEV = 0.7 (81% of the Reference). Time elapsed 0.209336
Model with 3  2  1  1  1  1 non-zero elements y PEV = 0.81 (93% of the Reference). Time elapsed 0.210408
Model with 3  2  2 non-zero elements y PEV = 0.59 (67% of the Reference). Time elapsed 0.212083
Model with 3  2  2  1 non-zero elements y PEV = 0.67 (77% of the Reference). Time elapsed 0.213007
Model with 3  2  2  1  1 non-zero elements y PEV = 0.75 (87% of the Reference). Time elapsed 0.213938
Model with 3  2  2  1  1  1 non-zero elements y PEV = 0.82 (94% of the Reference). Time elapsed 0.214981
Model with 3  2  2  2 non-zero elements y PEV = 0.68 (78% of the Reference). Time elapsed 0.217371
Model with 3  2  2  2  1 non-zero elements y PEV = 0.76 (87% of the Reference). Time elapsed 0.219528
Model with 3  2  2  2  1  1 non-zero elements y PEV = 0.82 (95% of the Reference). Time elapsed 0.221678
Model with 3  2  2  2  2 non-zero elements y PEV = 0.77 (88% of the Reference). Time elapsed 0.224361
Model with 3  2  2  2  2  1 non-zero elements y PEV = 0.83 (95% of the Reference). Time elapsed 0.226578
Finished, time elapsed 0.34349
</pre>
<img vspace="5" hspace="5" src="pitpropsMEDA_01.png" alt=""> <img vspace="5" hspace="5" src="pitpropsMEDA_02.png" alt=""> <h2 id="3">Visualize multi-model selected with 6 components with two non-zero weights each.</h2>
<pre class="codeinput">model = spcaZou([], XX, 6, -[3,2,2,2,2,1]);
p = model.weights;
q = model.loads;
r = model.altweights;

<span class="keyword">for</span> i=pcs
    plotVec(-p(:,i),<span class="string">'XYLabel'</span>,{<span class="string">'Variables'</span>,<span class="string">'Sparse weights (p)'</span>});
    axis([.5 13.5 -1 1])

    plotVec(-q(:,i),<span class="string">'XYLabel'</span>,{<span class="string">'Variables'</span>,<span class="string">'Loadings (q)'</span>});
    axis([.5 13.5 -1 1])

    f = plotMap([r(:,i)*p(:,i)'*XX*p(:,i)*r(:,i)']);
    ylabel(<span class="string">'Variables'</span>,<span class="string">'Fontsize'</span>,16)
    xlabel(<span class="string">'Variables'</span>,<span class="string">'Fontsize'</span>,16);
<span class="keyword">end</span>

f = plotMap([r*p'*XX*p*r'],<span class="string">'VarsLabel'</span>,var_l);
a = get(f,<span class="string">'Children'</span>);
set(a(2),<span class="string">'XTickLabelRotation'</span>,45);
</pre>
<img vspace="5" hspace="5" src="pitpropsMEDA_03.png" alt=""> <img vspace="5" hspace="5" src="pitpropsMEDA_04.png" alt=""> <img vspace="5" hspace="5" src="pitpropsMEDA_05.png" alt=""> <img vspace="5" hspace="5" src="pitpropsMEDA_06.png" alt=""> <img vspace="5" hspace="5" src="pitpropsMEDA_07.png" alt=""> <img vspace="5" hspace="5" src="pitpropsMEDA_08.png" alt=""> <img vspace="5" hspace="5" src="pitpropsMEDA_09.png" alt=""> <img vspace="5" hspace="5" src="pitpropsMEDA_10.png" alt=""> <img vspace="5" hspace="5" src="pitpropsMEDA_11.png" alt=""> <img vspace="5" hspace="5" src="pitpropsMEDA_12.png" alt=""> <img vspace="5" hspace="5" src="pitpropsMEDA_13.png" alt=""> <img vspace="5" hspace="5" src="pitpropsMEDA_14.png" alt=""> <img vspace="5" hspace="5" src="pitpropsMEDA_15.png" alt=""> <img vspace="5" hspace="5" src="pitpropsMEDA_16.png" alt=""> <img vspace="5" hspace="5" src="pitpropsMEDA_17.png" alt=""> <img vspace="5" hspace="5" src="pitpropsMEDA_18.png" alt=""> <img vspace="5" hspace="5" src="pitpropsMEDA_19.png" alt=""> <img vspace="5" hspace="5" src="pitpropsMEDA_20.png" alt=""> <img vspace="5" hspace="5" src="pitpropsMEDA_21.png" alt=""> <p class="footer">
<br>
<a href="https://www.mathworks.com/products/matlab/">Published with MATLAB&reg; R2024b</a>
<br>
</p>
</div>
<!--
##### SOURCE BEGIN #####
%% Pitprops from R package elsticnet "All Sparse PCA Models Are Wrong, But Some Are Useful. Part III: model interpretation" 
% Submitted to Chemometrics and Intelligent Laboratory Systems. 2025
%
% Dependencies: MEDA Toolbox v1.8 at https://github.com/codaslab/MEDA-Toolbox
%
% coded by: Jose Camacho Paez (josecamacho@ugr.es)
% last modification: 23/Jun/2025
%
% Copyright (C) 2025  University of Granada, Granada
% 
% This program is free software: you can redistribute it and/or modify
% it under the terms of the GNU General Public License as published by
% the Free Software Foundation, either version 3 of the License, or
% (at your option) any later version.
% 
% This program is distributed in the hope that it will be useful,
% but WITHOUT ANY WARRANTY; without even the implied warranty of
% MERCHANTABILITY or FITNESS FOR A PARTICULAR PURPOSE.  See the
% GNU General Public License for more details.
% 
% You should have received a copy of the GNU General Public License
% along with this program.  If not, see <http://www.gnu.org/licenses/>.

%% Pitprops data from R package elsticnet

var_l = {'topdiam' 'length'  'moist' 'testsg' 'ovensg' 'ringtop' 'ringbut' 'bowmax' 'bowdist' 'whorls'  'clear'  'knots' 'diaknot'};

XX=[ 1.000  0.954  0.364  0.342 -0.129   0.313   0.496  0.424   0.592  0.545  0.084 -0.019   0.134
     0.954  1.000  0.297  0.284 -0.118   0.291   0.503  0.419   0.648  0.569  0.076 -0.036   0.144
     0.364  0.297  1.000  0.882 -0.148   0.153  -0.029 -0.054   0.125 -0.081  0.162  0.220   0.126
     0.342  0.284  0.882  1.000  0.220   0.381   0.174 -0.059   0.137 -0.014  0.097  0.169   0.015
    -0.129 -0.118 -0.148  0.220  1.000   0.364   0.296  0.004  -0.039  0.037 -0.091 -0.145  -0.208
     0.313  0.291  0.153  0.381  0.364   1.000   0.813  0.090   0.211  0.274 -0.036  0.024  -0.329
     0.496  0.503 -0.029  0.174  0.296   0.813   1.000  0.372   0.465  0.679 -0.113 -0.232  -0.424
     0.424  0.419 -0.054 -0.059  0.004   0.090   0.372  1.000   0.482  0.557  0.061 -0.357  -0.202
     0.592  0.648  0.125  0.137 -0.039   0.211   0.465  0.482   1.000  0.526  0.085 -0.127  -0.076
     0.545  0.569 -0.081 -0.014  0.037   0.274   0.679  0.557   0.526  1.000 -0.319 -0.368  -0.291
     0.084  0.076  0.162  0.097 -0.091  -0.036  -0.113  0.061   0.085 -0.319  1.000  0.029   0.007
    -0.019 -0.036  0.220  0.169 -0.145   0.024  -0.232 -0.357  -0.127 -0.368  0.029  1.000   0.184
     0.134  0.144  0.126  0.015 -0.208  -0.329  -0.424 -0.202  -0.076 -0.291  0.007  0.184   1.000];

clc

pcs = 1:6;

%% PEV vs sparsity: SPCA-Z multi-component, truncated search

[PEVpq, fp] = razorPlot([], XX, max(pcs), 'Threshold', 0.05);


%% Visualize multi-model selected with 6 components with two non-zero weights each.

model = spcaZou([], XX, 6, -[3,2,2,2,2,1]);
p = model.weights;
q = model.loads;
r = model.altweights;

for i=pcs
    plotVec(-p(:,i),'XYLabel',{'Variables','Sparse weights (p)'});
    axis([.5 13.5 -1 1])
    
    plotVec(-q(:,i),'XYLabel',{'Variables','Loadings (q)'});
    axis([.5 13.5 -1 1])
    
    f = plotMap([r(:,i)*p(:,i)'*XX*p(:,i)*r(:,i)']);
    ylabel('Variables','Fontsize',16)
    xlabel('Variables','Fontsize',16);
end

f = plotMap([r*p'*XX*p*r'],'VarsLabel',var_l);
a = get(f,'Children');
set(a(2),'XTickLabelRotation',45); 


##### SOURCE END #####
-->
</body>
</html>
